10 10 0.900000 0.500000 0.000000 9967
10 10 0.900000 0.500000 0.000000 9967
10 10 0.900000 0.500000 0.000000 9967
10 10 0.900000 0.500000 0.000000 9994
10 10 0.900000 0.500000 0.000000 9994
10 10 0.900000 0.500000 0.000000 9901
10 10 0.900000 0.500000 0.000000 9901
10 10 0.900000 0.500000 0.000000 9901
10 10 0.900000 0.500000 0.000000 9984
10 10 0.900000 0.500000 0.000000 9984
10 10 0.900000 0.500000 0.000000 9944
10 10 0.900000 0.500000 0.000000 9944
10 10 0.900000 0.500000 0.000000 9996
10 10 0.900000 0.500000 0.000000 9996
10 10 0.900000 0.500000 0.000000 9996
10 10 0.900000 0.500000 0.000000 9984
10 10 0.900000 0.500000 0.000000 9984
10 10 0.900000 0.500000 0.000000 9994
10 10 0.900000 0.500000 0.000000 9994
10 10 0.900000 0.500000 0.000000 9996
10 10 0.900000 0.500000 0.000000 9996
10 10 0.900000 0.500000 0.000000 9996
10 10 0.900000 0.500000 0.000000 9970
10 10 0.900000 0.500000 0.000000 9970
10 10 0.900000 0.500000 0.000000 9950
10 10 0.900000 0.500000 0.000000 9950
10 10 0.900000 0.500000 0.000000 9950
10 10 0.900000 0.500000 0.000000 9977
10 10 0.900000 0.500000 0.000000 9977
10 10 0.900000 0.500000 0.000000 9974
10 10 0.900000 0.500000 0.000000 8921
10 10 0.900000 0.500000 0.000000 8921
10 10 0.900000 0.500000 0.000000 8927
10 10 0.900000 0.500000 0.000000 8927
10 10 0.900000 0.500000 0.000000 8928
10 10 0.900000 0.500000 0.000000 8928
10 10 0.900000 0.500000 0.000000 8928
10 10 0.900000 0.500000 0.000000 8997
10 10 0.900000 0.500000 0.000000 8997
10 10 0.900000 0.500000 0.000000 8978
10 10 0.900000 0.500000 0.000000 8978
10 10 0.900000 0.500000 0.000000 8978
10 10 0.900000 0.500000 0.000000 8975
10 10 0.900000 0.500000 0.000000 8975
10 10 0.900000 0.500000 0.000000 8993
10 10 0.900000 0.500000 0.000000 8993
10 10 0.900000 0.500000 0.000000 8993
10 10 0.900000 0.500000 0.000000 8875
10 10 0.900000 0.500000 0.000000 8875
10 10 0.900000 0.500000 0.000000 8917
10 10 0.900000 0.500000 0.000000 8917
10 10 0.900000 0.500000 0.000000 8917
10 10 0.900000 0.500000 0.000000 8994
10 10 0.900000 0.500000 0.000000 8994
10 10 0.900000 0.500000 0.000000 8984
10 10 0.900000 0.500000 0.000000 8984
10 10 0.900000 0.500000 0.000000 8984
10 10 0.900000 0.500000 0.000000 8997
10 10 0.900000 0.500000 0.000000 8997
10 10 0.900000 0.500000 0.000000 8986
